(kicad_pcb (version 20171130) (host pcbnew "(5.0.0-rc2-dev-444-g2974a2c10)")

  (general
    (thickness 1.6)
    (drawings 10)
    (tracks 0)
    (zones 0)
    (modules 96)
    (nets 78)
  )

  (page A4)
  (layers
    (0 F.Cu signal)
    (31 B.Cu signal)
    (32 B.Adhes user)
    (33 F.Adhes user)
    (34 B.Paste user)
    (35 F.Paste user)
    (36 B.SilkS user)
    (37 F.SilkS user)
    (38 B.Mask user)
    (39 F.Mask user)
    (40 Dwgs.User user)
    (41 Cmts.User user)
    (42 Eco1.User user)
    (43 Eco2.User user)
    (44 Edge.Cuts user)
    (45 Margin user)
    (46 B.CrtYd user)
    (47 F.CrtYd user)
    (48 B.Fab user)
    (49 F.Fab user hide)
  )

  (setup
    (last_trace_width 0.5)
    (user_trace_width 0.25)
    (user_trace_width 0.5)
    (user_trace_width 0.75)
    (user_trace_width 1)
    (user_trace_width 1.25)
    (user_trace_width 1.5)
    (user_trace_width 2)
    (user_trace_width 2.25)
    (trace_clearance 0.2)
    (zone_clearance 0.508)
    (zone_45_only no)
    (trace_min 0.25)
    (segment_width 0.2)
    (edge_width 0.15)
    (via_size 1)
    (via_drill 0.6)
    (via_min_size 1)
    (via_min_drill 0.6)
    (uvia_size 0.3)
    (uvia_drill 0.1)
    (uvias_allowed no)
    (uvia_min_size 0.2)
    (uvia_min_drill 0.1)
    (pcb_text_width 0.3)
    (pcb_text_size 1.5 1.5)
    (mod_edge_width 0.15)
    (mod_text_size 1 1)
    (mod_text_width 0.15)
    (pad_size 3.7 3.7)
    (pad_drill 3.7)
    (pad_to_mask_clearance 0.2)
    (aux_axis_origin 0 0)
    (grid_origin 50 120)
    (visible_elements 7FFFFFFF)
    (pcbplotparams
      (layerselection 0x010fc_ffffffff)
      (usegerberextensions false)
      (usegerberattributes false)
      (usegerberadvancedattributes false)
      (creategerberjobfile false)
      (excludeedgelayer true)
      (linewidth 0.100000)
      (plotframeref false)
      (viasonmask false)
      (mode 1)
      (useauxorigin false)
      (hpglpennumber 1)
      (hpglpenspeed 20)
      (hpglpendiameter 15)
      (psnegative false)
      (psa4output false)
      (plotreference true)
      (plotvalue true)
      (plotinvisibletext false)
      (padsonsilk false)
      (subtractmaskfromsilk false)
      (outputformat 1)
      (mirror false)
      (drillshape 1)
      (scaleselection 1)
      (outputdirectory ""))
  )

  (net 0 "")
  (net 1 "Net-(C1-Pad2)")
  (net 2 GND)
  (net 3 "Net-(C2-Pad2)")
  (net 4 +15V)
  (net 5 +5V)
  (net 6 "Net-(C11-Pad2)")
  (net 7 "Net-(C12-Pad2)")
  (net 8 OCC1)
  (net 9 "Net-(C17-Pad1)")
  (net 10 PWM2)
  (net 11 "Net-(C18-Pad2)")
  (net 12 "Net-(C19-Pad2)")
  (net 13 BMF)
  (net 14 "Net-(C23-Pad2)")
  (net 15 "Net-(C26-Pad2)")
  (net 16 OCC)
  (net 17 CSEN_FLT)
  (net 18 ID_R)
  (net 19 "Net-(C31-Pad2)")
  (net 20 "Net-(D1-Pad2)")
  (net 21 "Net-(D2-Pad2)")
  (net 22 "Net-(D3-Pad2)")
  (net 23 "Net-(D4-Pad2)")
  (net 24 ID)
  (net 25 RST)
  (net 26 OCC2)
  (net 27 PWMO2)
  (net 28 PWMO1)
  (net 29 ICSPDAT)
  (net 30 ICSPCLK)
  (net 31 "Net-(J2-Pad6)")
  (net 32 "Net-(Q1-Pad1)")
  (net 33 "Net-(R3-Pad2)")
  (net 34 BRK)
  (net 35 PWM)
  (net 36 DIR)
  (net 37 "Net-(R8-Pad1)")
  (net 38 "Net-(R13-Pad1)")
  (net 39 "Net-(R13-Pad2)")
  (net 40 TX_ENA)
  (net 41 "Net-(R18-Pad2)")
  (net 42 "Net-(R20-Pad1)")
  (net 43 "Net-(R20-Pad2)")
  (net 44 "Net-(R23-Pad2)")
  (net 45 CSEN)
  (net 46 "Net-(R26-Pad1)")
  (net 47 "Net-(R27-Pad1)")
  (net 48 "Net-(R28-Pad1)")
  (net 49 Reset_A)
  (net 50 Reset_B)
  (net 51 SYNC)
  (net 52 Sync_A)
  (net 53 Sync_B)
  (net 54 TX_B)
  (net 55 TX_A)
  (net 56 TX)
  (net 57 "Net-(U5-Pad1)")
  (net 58 RX_B)
  (net 59 RX_A)
  (net 60 RX)
  (net 61 "Net-(U9-Pad7)")
  (net 62 "Net-(U9-Pad9)")
  (net 63 "Net-(U9-Pad10)")
  (net 64 REF)
  (net 65 "Net-(C32-Pad2)")
  (net 66 "Net-(D8-Pad2)")
  (net 67 "Net-(R29-Pad1)")
  (net 68 "Net-(R35-Pad2)")
  (net 69 Vbus_flt)
  (net 70 GNDD)
  (net 71 "Net-(C34-Pad2)")
  (net 72 "Net-(FL2-Pad1)")
  (net 73 "Net-(FL2-Pad3)")
  (net 74 Vbus_flt+)
  (net 75 "Net-(U2-Pad2)")
  (net 76 "Net-(U4-Pad9)")
  (net 77 TEMP)

  (net_class Default "This is the default net class."
    (clearance 0.2)
    (trace_width 0.5)
    (via_dia 1)
    (via_drill 0.6)
    (uvia_dia 0.3)
    (uvia_drill 0.1)
    (diff_pair_gap 0.25)
    (diff_pair_width 0.25)
    (add_net +15V)
    (add_net +5V)
    (add_net BMF)
    (add_net BRK)
    (add_net CSEN)
    (add_net CSEN_FLT)
    (add_net DIR)
    (add_net GND)
    (add_net GNDD)
    (add_net ICSPCLK)
    (add_net ICSPDAT)
    (add_net ID)
    (add_net ID_R)
    (add_net "Net-(C1-Pad2)")
    (add_net "Net-(C11-Pad2)")
    (add_net "Net-(C12-Pad2)")
    (add_net "Net-(C17-Pad1)")
    (add_net "Net-(C18-Pad2)")
    (add_net "Net-(C19-Pad2)")
    (add_net "Net-(C2-Pad2)")
    (add_net "Net-(C23-Pad2)")
    (add_net "Net-(C26-Pad2)")
    (add_net "Net-(C31-Pad2)")
    (add_net "Net-(C32-Pad2)")
    (add_net "Net-(C34-Pad2)")
    (add_net "Net-(D1-Pad2)")
    (add_net "Net-(D2-Pad2)")
    (add_net "Net-(D3-Pad2)")
    (add_net "Net-(D4-Pad2)")
    (add_net "Net-(D8-Pad2)")
    (add_net "Net-(FL2-Pad1)")
    (add_net "Net-(FL2-Pad3)")
    (add_net "Net-(J2-Pad6)")
    (add_net "Net-(Q1-Pad1)")
    (add_net "Net-(R13-Pad1)")
    (add_net "Net-(R13-Pad2)")
    (add_net "Net-(R18-Pad2)")
    (add_net "Net-(R20-Pad1)")
    (add_net "Net-(R20-Pad2)")
    (add_net "Net-(R23-Pad2)")
    (add_net "Net-(R26-Pad1)")
    (add_net "Net-(R27-Pad1)")
    (add_net "Net-(R28-Pad1)")
    (add_net "Net-(R29-Pad1)")
    (add_net "Net-(R3-Pad2)")
    (add_net "Net-(R35-Pad2)")
    (add_net "Net-(R8-Pad1)")
    (add_net "Net-(U2-Pad2)")
    (add_net "Net-(U4-Pad9)")
    (add_net "Net-(U5-Pad1)")
    (add_net "Net-(U9-Pad10)")
    (add_net "Net-(U9-Pad7)")
    (add_net "Net-(U9-Pad9)")
    (add_net OCC)
    (add_net OCC1)
    (add_net OCC2)
    (add_net PWM)
    (add_net PWM2)
    (add_net PWMO1)
    (add_net PWMO2)
    (add_net REF)
    (add_net RST)
    (add_net RX)
    (add_net RX_A)
    (add_net RX_B)
    (add_net Reset_A)
    (add_net Reset_B)
    (add_net SYNC)
    (add_net Sync_A)
    (add_net Sync_B)
    (add_net TEMP)
    (add_net TX)
    (add_net TX_A)
    (add_net TX_B)
    (add_net TX_ENA)
    (add_net Vbus_flt)
    (add_net Vbus_flt+)
  )

  (module Capacitor_SMD:C_1206_3216Metric (layer F.Cu) (tedit 5AC5DB74) (tstamp 5AF62E05)
    (at 70.32 82.535 270)
    (descr "Capacitor SMD 1206 (3216 Metric), square (rectangular) end terminal, IPC_7351 nominal, (Body size source: http://www.tortai-tech.com/upload/download/2011102023233369053.pdf), generated with kicad-footprint-generator")
    (tags capacitor)
    (path /5AE23D39)
    (attr smd)
    (fp_text reference C1 (at 3.175 0 270) (layer F.SilkS)
      (effects (font (size 1 1) (thickness 0.15)))
    )
    (fp_text value 22u (at 0 1.85 270) (layer F.Fab)
      (effects (font (size 1 1) (thickness 0.15)))
    )
    (fp_text user %R (at 0 0 270) (layer F.Fab)
      (effects (font (size 0.8 0.8) (thickness 0.12)))
    )
    (fp_line (start 2.29 1.15) (end -2.29 1.15) (layer F.CrtYd) (width 0.05))
    (fp_line (start 2.29 -1.15) (end 2.29 1.15) (layer F.CrtYd) (width 0.05))
    (fp_line (start -2.29 -1.15) (end 2.29 -1.15) (layer F.CrtYd) (width 0.05))
    (fp_line (start -2.29 1.15) (end -2.29 -1.15) (layer F.CrtYd) (width 0.05))
    (fp_line (start -0.5 0.91) (end 0.5 0.91) (layer F.SilkS) (width 0.12))
    (fp_line (start -0.5 -0.91) (end 0.5 -0.91) (layer F.SilkS) (width 0.12))
    (fp_line (start 1.6 0.8) (end -1.6 0.8) (layer F.Fab) (width 0.1))
    (fp_line (start 1.6 -0.8) (end 1.6 0.8) (layer F.Fab) (width 0.1))
    (fp_line (start -1.6 -0.8) (end 1.6 -0.8) (layer F.Fab) (width 0.1))
    (fp_line (start -1.6 0.8) (end -1.6 -0.8) (layer F.Fab) (width 0.1))
    (pad 2 smd rect (at 1.43 0 270) (size 1.22 1.8) (layers F.Cu F.Paste F.Mask)
      (net 1 "Net-(C1-Pad2)"))
    (pad 1 smd rect (at -1.43 0 270) (size 1.22 1.8) (layers F.Cu F.Paste F.Mask)
      (net 2 GND))
    (model ${KISYS3DMOD}/Capacitor_SMD.3dshapes/C_1206_3216Metric.wrl
      (at (xyz 0 0 0))
      (scale (xyz 1 1 1))
      (rotate (xyz 0 0 0))
    )
  )

  (module Capacitor_SMD:C_1206_3216Metric (layer F.Cu) (tedit 5AC5DB74) (tstamp 5AF62E16)
    (at 84.925 82.535 270)
    (descr "Capacitor SMD 1206 (3216 Metric), square (rectangular) end terminal, IPC_7351 nominal, (Body size source: http://www.tortai-tech.com/upload/download/2011102023233369053.pdf), generated with kicad-footprint-generator")
    (tags capacitor)
    (path /5AE58D2B)
    (attr smd)
    (fp_text reference C2 (at 3.175 0 270) (layer F.SilkS)
      (effects (font (size 1 1) (thickness 0.15)))
    )
    (fp_text value 22u (at 0 1.85 270) (layer F.Fab)
      (effects (font (size 1 1) (thickness 0.15)))
    )
    (fp_line (start -1.6 0.8) (end -1.6 -0.8) (layer F.Fab) (width 0.1))
    (fp_line (start -1.6 -0.8) (end 1.6 -0.8) (layer F.Fab) (width 0.1))
    (fp_line (start 1.6 -0.8) (end 1.6 0.8) (layer F.Fab) (width 0.1))
    (fp_line (start 1.6 0.8) (end -1.6 0.8) (layer F.Fab) (width 0.1))
    (fp_line (start -0.5 -0.91) (end 0.5 -0.91) (layer F.SilkS) (width 0.12))
    (fp_line (start -0.5 0.91) (end 0.5 0.91) (layer F.SilkS) (width 0.12))
    (fp_line (start -2.29 1.15) (end -2.29 -1.15) (layer F.CrtYd) (width 0.05))
    (fp_line (start -2.29 -1.15) (end 2.29 -1.15) (layer F.CrtYd) (width 0.05))
    (fp_line (start 2.29 -1.15) (end 2.29 1.15) (layer F.CrtYd) (width 0.05))
    (fp_line (start 2.29 1.15) (end -2.29 1.15) (layer F.CrtYd) (width 0.05))
    (fp_text user %R (at 0 0 270) (layer F.Fab)
      (effects (font (size 0.8 0.8) (thickness 0.12)))
    )
    (pad 1 smd rect (at -1.43 0 270) (size 1.22 1.8) (layers F.Cu F.Paste F.Mask)
      (net 2 GND))
    (pad 2 smd rect (at 1.43 0 270) (size 1.22 1.8) (layers F.Cu F.Paste F.Mask)
      (net 3 "Net-(C2-Pad2)"))
    (model ${KISYS3DMOD}/Capacitor_SMD.3dshapes/C_1206_3216Metric.wrl
      (at (xyz 0 0 0))
      (scale (xyz 1 1 1))
      (rotate (xyz 0 0 0))
    )
  )

  (module Capacitor_SMD:C_1206_3216Metric (layer F.Cu) (tedit 5AC5DB74) (tstamp 5AF62E27)
    (at 73.096675 82.535 270)
    (descr "Capacitor SMD 1206 (3216 Metric), square (rectangular) end terminal, IPC_7351 nominal, (Body size source: http://www.tortai-tech.com/upload/download/2011102023233369053.pdf), generated with kicad-footprint-generator")
    (tags capacitor)
    (path /5AE23D01)
    (attr smd)
    (fp_text reference C3 (at 3.175 0 270) (layer F.SilkS)
      (effects (font (size 1 1) (thickness 0.15)))
    )
    (fp_text value 100n (at 0 1.85 270) (layer F.Fab)
      (effects (font (size 1 1) (thickness 0.15)))
    )
    (fp_line (start -1.6 0.8) (end -1.6 -0.8) (layer F.Fab) (width 0.1))
    (fp_line (start -1.6 -0.8) (end 1.6 -0.8) (layer F.Fab) (width 0.1))
    (fp_line (start 1.6 -0.8) (end 1.6 0.8) (layer F.Fab) (width 0.1))
    (fp_line (start 1.6 0.8) (end -1.6 0.8) (layer F.Fab) (width 0.1))
    (fp_line (start -0.5 -0.91) (end 0.5 -0.91) (layer F.SilkS) (width 0.12))
    (fp_line (start -0.5 0.91) (end 0.5 0.91) (layer F.SilkS) (width 0.12))
    (fp_line (start -2.29 1.15) (end -2.29 -1.15) (layer F.CrtYd) (width 0.05))
    (fp_line (start -2.29 -1.15) (end 2.29 -1.15) (layer F.CrtYd) (width 0.05))
    (fp_line (start 2.29 -1.15) (end 2.29 1.15) (layer F.CrtYd) (width 0.05))
    (fp_line (start 2.29 1.15) (end -2.29 1.15) (layer F.CrtYd) (width 0.05))
    (fp_text user %R (at 0 0 270) (layer F.Fab)
      (effects (font (size 0.8 0.8) (thickness 0.12)))
    )
    (pad 1 smd rect (at -1.43 0 270) (size 1.22 1.8) (layers F.Cu F.Paste F.Mask)
      (net 2 GND))
    (pad 2 smd rect (at 1.43 0 270) (size 1.22 1.8) (layers F.Cu F.Paste F.Mask)
      (net 1 "Net-(C1-Pad2)"))
    (model ${KISYS3DMOD}/Capacitor_SMD.3dshapes/C_1206_3216Metric.wrl
      (at (xyz 0 0 0))
      (scale (xyz 1 1 1))
      (rotate (xyz 0 0 0))
    )
  )

  (module Capacitor_SMD:C_1206_3216Metric (layer F.Cu) (tedit 5AC5DB74) (tstamp 5AF62E38)
    (at 82.385 82.535 270)
    (descr "Capacitor SMD 1206 (3216 Metric), square (rectangular) end terminal, IPC_7351 nominal, (Body size source: http://www.tortai-tech.com/upload/download/2011102023233369053.pdf), generated with kicad-footprint-generator")
    (tags capacitor)
    (path /5AE58D24)
    (attr smd)
    (fp_text reference C4 (at 3.175 0 270) (layer F.SilkS)
      (effects (font (size 1 1) (thickness 0.15)))
    )
    (fp_text value 100n (at 0 1.85 270) (layer F.Fab)
      (effects (font (size 1 1) (thickness 0.15)))
    )
    (fp_line (start -1.6 0.8) (end -1.6 -0.8) (layer F.Fab) (width 0.1))
    (fp_line (start -1.6 -0.8) (end 1.6 -0.8) (layer F.Fab) (width 0.1))
    (fp_line (start 1.6 -0.8) (end 1.6 0.8) (layer F.Fab) (width 0.1))
    (fp_line (start 1.6 0.8) (end -1.6 0.8) (layer F.Fab) (width 0.1))
    (fp_line (start -0.5 -0.91) (end 0.5 -0.91) (layer F.SilkS) (width 0.12))
    (fp_line (start -0.5 0.91) (end 0.5 0.91) (layer F.SilkS) (width 0.12))
    (fp_line (start -2.29 1.15) (end -2.29 -1.15) (layer F.CrtYd) (width 0.05))
    (fp_line (start -2.29 -1.15) (end 2.29 -1.15) (layer F.CrtYd) (width 0.05))
    (fp_line (start 2.29 -1.15) (end 2.29 1.15) (layer F.CrtYd) (width 0.05))
    (fp_line (start 2.29 1.15) (end -2.29 1.15) (layer F.CrtYd) (width 0.05))
    (fp_text user %R (at 0 0 270) (layer F.Fab)
      (effects (font (size 0.8 0.8) (thickness 0.12)))
    )
    (pad 1 smd rect (at -1.43 0 270) (size 1.22 1.8) (layers F.Cu F.Paste F.Mask)
      (net 2 GND))
    (pad 2 smd rect (at 1.43 0 270) (size 1.22 1.8) (layers F.Cu F.Paste F.Mask)
      (net 3 "Net-(C2-Pad2)"))
    (model ${KISYS3DMOD}/Capacitor_SMD.3dshapes/C_1206_3216Metric.wrl
      (at (xyz 0 0 0))
      (scale (xyz 1 1 1))
      (rotate (xyz 0 0 0))
    )
  )

  (module Capacitor_SMD:C_1206_3216Metric (layer F.Cu) (tedit 5AC5DB74) (tstamp 5B039E89)
    (at 105.245 61.58 270)
    (descr "Capacitor SMD 1206 (3216 Metric), square (rectangular) end terminal, IPC_7351 nominal, (Body size source: http://www.tortai-tech.com/upload/download/2011102023233369053.pdf), generated with kicad-footprint-generator")
    (tags capacitor)
    (path /5AE1AF47)
    (attr smd)
    (fp_text reference C5 (at 3.175 0 270) (layer F.SilkS)
      (effects (font (size 1 1) (thickness 0.15)))
    )
    (fp_text value 22u (at 0 1.85 270) (layer F.Fab)
      (effects (font (size 1 1) (thickness 0.15)))
    )
    (fp_line (start -1.6 0.8) (end -1.6 -0.8) (layer F.Fab) (width 0.1))
    (fp_line (start -1.6 -0.8) (end 1.6 -0.8) (layer F.Fab) (width 0.1))
    (fp_line (start 1.6 -0.8) (end 1.6 0.8) (layer F.Fab) (width 0.1))
    (fp_line (start 1.6 0.8) (end -1.6 0.8) (layer F.Fab) (width 0.1))
    (fp_line (start -0.5 -0.91) (end 0.5 -0.91) (layer F.SilkS) (width 0.12))
    (fp_line (start -0.5 0.91) (end 0.5 0.91) (layer F.SilkS) (width 0.12))
    (fp_line (start -2.29 1.15) (end -2.29 -1.15) (layer F.CrtYd) (width 0.05))
    (fp_line (start -2.29 -1.15) (end 2.29 -1.15) (layer F.CrtYd) (width 0.05))
    (fp_line (start 2.29 -1.15) (end 2.29 1.15) (layer F.CrtYd) (width 0.05))
    (fp_line (start 2.29 1.15) (end -2.29 1.15) (layer F.CrtYd) (width 0.05))
    (fp_text user %R (at 0 0 270) (layer F.Fab)
      (effects (font (size 0.8 0.8) (thickness 0.12)))
    )
    (pad 1 smd rect (at -1.43 0 270) (size 1.22 1.8) (layers F.Cu F.Paste F.Mask)
      (net 2 GND))
    (pad 2 smd rect (at 1.43 0 270) (size 1.22 1.8) (layers F.Cu F.Paste F.Mask)
      (net 4 +15V))
    (model ${KISYS3DMOD}/Capacitor_SMD.3dshapes/C_1206_3216Metric.wrl
      (at (xyz 0 0 0))
      (scale (xyz 1 1 1))
      (rotate (xyz 0 0 0))
    )
  )

  (module Capacitor_SMD:C_1206_3216Metric (layer F.Cu) (tedit 5AC5DB74) (tstamp 5B039E59)
    (at 102.705 61.58 270)
    (descr "Capacitor SMD 1206 (3216 Metric), square (rectangular) end terminal, IPC_7351 nominal, (Body size source: http://www.tortai-tech.com/upload/download/2011102023233369053.pdf), generated with kicad-footprint-generator")
    (tags capacitor)
    (path /5ABE3B27)
    (attr smd)
    (fp_text reference C7 (at 3.175 0 270) (layer F.SilkS)
      (effects (font (size 1 1) (thickness 0.15)))
    )
    (fp_text value 100n (at 0 1.85 270) (layer F.Fab)
      (effects (font (size 1 1) (thickness 0.15)))
    )
    (fp_text user %R (at 0 0 270) (layer F.Fab)
      (effects (font (size 0.8 0.8) (thickness 0.12)))
    )
    (fp_line (start 2.29 1.15) (end -2.29 1.15) (layer F.CrtYd) (width 0.05))
    (fp_line (start 2.29 -1.15) (end 2.29 1.15) (layer F.CrtYd) (width 0.05))
    (fp_line (start -2.29 -1.15) (end 2.29 -1.15) (layer F.CrtYd) (width 0.05))
    (fp_line (start -2.29 1.15) (end -2.29 -1.15) (layer F.CrtYd) (width 0.05))
    (fp_line (start -0.5 0.91) (end 0.5 0.91) (layer F.SilkS) (width 0.12))
    (fp_line (start -0.5 -0.91) (end 0.5 -0.91) (layer F.SilkS) (width 0.12))
    (fp_line (start 1.6 0.8) (end -1.6 0.8) (layer F.Fab) (width 0.1))
    (fp_line (start 1.6 -0.8) (end 1.6 0.8) (layer F.Fab) (width 0.1))
    (fp_line (start -1.6 -0.8) (end 1.6 -0.8) (layer F.Fab) (width 0.1))
    (fp_line (start -1.6 0.8) (end -1.6 -0.8) (layer F.Fab) (width 0.1))
    (pad 2 smd rect (at 1.43 0 270) (size 1.22 1.8) (layers F.Cu F.Paste F.Mask)
      (net 4 +15V))
    (pad 1 smd rect (at -1.43 0 270) (size 1.22 1.8) (layers F.Cu F.Paste F.Mask)
      (net 2 GND))
    (model ${KISYS3DMOD}/Capacitor_SMD.3dshapes/C_1206_3216Metric.wrl
      (at (xyz 0 0 0))
      (scale (xyz 1 1 1))
      (rotate (xyz 0 0 0))
    )
  )

  (module Capacitor_SMD:C_1206_3216Metric (layer F.Cu) (tedit 5AC5DB74) (tstamp 5AF62EFF)
    (at 107.785 100.95 90)
    (descr "Capacitor SMD 1206 (3216 Metric), square (rectangular) end terminal, IPC_7351 nominal, (Body size source: http://www.tortai-tech.com/upload/download/2011102023233369053.pdf), generated with kicad-footprint-generator")
    (tags capacitor)
    (path /5AF82746)
    (attr smd)
    (fp_text reference C8 (at 0 -1.85 90) (layer F.SilkS)
      (effects (font (size 1 1) (thickness 0.15)))
    )
    (fp_text value 22u (at 0 1.85 90) (layer F.Fab)
      (effects (font (size 1 1) (thickness 0.15)))
    )
    (fp_line (start -1.6 0.8) (end -1.6 -0.8) (layer F.Fab) (width 0.1))
    (fp_line (start -1.6 -0.8) (end 1.6 -0.8) (layer F.Fab) (width 0.1))
    (fp_line (start 1.6 -0.8) (end 1.6 0.8) (layer F.Fab) (width 0.1))
    (fp_line (start 1.6 0.8) (end -1.6 0.8) (layer F.Fab) (width 0.1))
    (fp_line (start -0.5 -0.91) (end 0.5 -0.91) (layer F.SilkS) (width 0.12))
    (fp_line (start -0.5 0.91) (end 0.5 0.91) (layer F.SilkS) (width 0.12))
    (fp_line (start -2.29 1.15) (end -2.29 -1.15) (layer F.CrtYd) (width 0.05))
    (fp_line (start -2.29 -1.15) (end 2.29 -1.15) (layer F.CrtYd) (width 0.05))
    (fp_line (start 2.29 -1.15) (end 2.29 1.15) (layer F.CrtYd) (width 0.05))
    (fp_line (start 2.29 1.15) (end -2.29 1.15) (layer F.CrtYd) (width 0.05))
    (fp_text user %R (at 0 0 90) (layer F.Fab)
      (effects (font (size 0.8 0.8) (thickness 0.12)))
    )
    (pad 1 smd rect (at -1.43 0 90) (size 1.22 1.8) (layers F.Cu F.Paste F.Mask)
      (net 2 GND))
    (pad 2 smd rect (at 1.43 0 90) (size 1.22 1.8) (layers F.Cu F.Paste F.Mask)
      (net 69 Vbus_flt))
    (model ${KISYS3DMOD}/Capacitor_SMD.3dshapes/C_1206_3216Metric.wrl
      (at (xyz 0 0 0))
      (scale (xyz 1 1 1))
      (rotate (xyz 0 0 0))
    )
  )

  (module Capacitor_SMD:C_1206_3216Metric (layer F.Cu) (tedit 5AC5DB74) (tstamp 5AF62F10)
    (at 107.785 106.03 90)
    (descr "Capacitor SMD 1206 (3216 Metric), square (rectangular) end terminal, IPC_7351 nominal, (Body size source: http://www.tortai-tech.com/upload/download/2011102023233369053.pdf), generated with kicad-footprint-generator")
    (tags capacitor)
    (path /5AF826A4)
    (attr smd)
    (fp_text reference C9 (at 0 -1.85 90) (layer F.SilkS)
      (effects (font (size 1 1) (thickness 0.15)))
    )
    (fp_text value 100n (at 0 1.85 90) (layer F.Fab)
      (effects (font (size 1 1) (thickness 0.15)))
    )
    (fp_text user %R (at 0 0 90) (layer F.Fab)
      (effects (font (size 0.8 0.8) (thickness 0.12)))
    )
    (fp_line (start 2.29 1.15) (end -2.29 1.15) (layer F.CrtYd) (width 0.05))
    (fp_line (start 2.29 -1.15) (end 2.29 1.15) (layer F.CrtYd) (width 0.05))
    (fp_line (start -2.29 -1.15) (end 2.29 -1.15) (layer F.CrtYd) (width 0.05))
    (fp_line (start -2.29 1.15) (end -2.29 -1.15) (layer F.CrtYd) (width 0.05))
    (fp_line (start -0.5 0.91) (end 0.5 0.91) (layer F.SilkS) (width 0.12))
    (fp_line (start -0.5 -0.91) (end 0.5 -0.91) (layer F.SilkS) (width 0.12))
    (fp_line (start 1.6 0.8) (end -1.6 0.8) (layer F.Fab) (width 0.1))
    (fp_line (start 1.6 -0.8) (end 1.6 0.8) (layer F.Fab) (width 0.1))
    (fp_line (start -1.6 -0.8) (end 1.6 -0.8) (layer F.Fab) (width 0.1))
    (fp_line (start -1.6 0.8) (end -1.6 -0.8) (layer F.Fab) (width 0.1))
    (pad 2 smd rect (at 1.43 0 90) (size 1.22 1.8) (layers F.Cu F.Paste F.Mask)
      (net 69 Vbus_flt))
    (pad 1 smd rect (at -1.43 0 90) (size 1.22 1.8) (layers F.Cu F.Paste F.Mask)
      (net 2 GND))
    (model ${KISYS3DMOD}/Capacitor_SMD.3dshapes/C_1206_3216Metric.wrl
      (at (xyz 0 0 0))
      (scale (xyz 1 1 1))
      (rotate (xyz 0 0 0))
    )
  )

  (module Capacitor_SMD:C_1206_3216Metric (layer F.Cu) (tedit 5AC5DB74) (tstamp 5B039E29)
    (at 102.705 56.5 90)
    (descr "Capacitor SMD 1206 (3216 Metric), square (rectangular) end terminal, IPC_7351 nominal, (Body size source: http://www.tortai-tech.com/upload/download/2011102023233369053.pdf), generated with kicad-footprint-generator")
    (tags capacitor)
    (path /5AE1AF69)
    (attr smd)
    (fp_text reference C10 (at 3.175 0 180) (layer F.SilkS)
      (effects (font (size 1 1) (thickness 0.15)))
    )
    (fp_text value 100n (at 0 1.85 90) (layer F.Fab)
      (effects (font (size 1 1) (thickness 0.15)))
    )
    (fp_text user %R (at 0 0 90) (layer F.Fab)
      (effects (font (size 0.8 0.8) (thickness 0.12)))
    )
    (fp_line (start 2.29 1.15) (end -2.29 1.15) (layer F.CrtYd) (width 0.05))
    (fp_line (start 2.29 -1.15) (end 2.29 1.15) (layer F.CrtYd) (width 0.05))
    (fp_line (start -2.29 -1.15) (end 2.29 -1.15) (layer F.CrtYd) (width 0.05))
    (fp_line (start -2.29 1.15) (end -2.29 -1.15) (layer F.CrtYd) (width 0.05))
    (fp_line (start -0.5 0.91) (end 0.5 0.91) (layer F.SilkS) (width 0.12))
    (fp_line (start -0.5 -0.91) (end 0.5 -0.91) (layer F.SilkS) (width 0.12))
    (fp_line (start 1.6 0.8) (end -1.6 0.8) (layer F.Fab) (width 0.1))
    (fp_line (start 1.6 -0.8) (end 1.6 0.8) (layer F.Fab) (width 0.1))
    (fp_line (start -1.6 -0.8) (end 1.6 -0.8) (layer F.Fab) (width 0.1))
    (fp_line (start -1.6 0.8) (end -1.6 -0.8) (layer F.Fab) (width 0.1))
    (pad 2 smd rect (at 1.43 0 90) (size 1.22 1.8) (layers F.Cu F.Paste F.Mask)
      (net 5 +5V))
    (pad 1 smd rect (at -1.43 0 90) (size 1.22 1.8) (layers F.Cu F.Paste F.Mask)
      (net 2 GND))
    (model ${KISYS3DMOD}/Capacitor_SMD.3dshapes/C_1206_3216Metric.wrl
      (at (xyz 0 0 0))
      (scale (xyz 1 1 1))
      (rotate (xyz 0 0 0))
    )
  )

  (module Capacitor_SMD:C_1206_3216Metric (layer F.Cu) (tedit 5AC5DB74) (tstamp 5AF62F32)
    (at 64.605 92.695 90)
    (descr "Capacitor SMD 1206 (3216 Metric), square (rectangular) end terminal, IPC_7351 nominal, (Body size source: http://www.tortai-tech.com/upload/download/2011102023233369053.pdf), generated with kicad-footprint-generator")
    (tags capacitor)
    (path /5AE5F192)
    (attr smd)
    (fp_text reference C11 (at 3.81 0 90) (layer F.SilkS)
      (effects (font (size 1 1) (thickness 0.15)))
    )
    (fp_text value 22u (at 0 1.85 90) (layer F.Fab)
      (effects (font (size 1 1) (thickness 0.15)))
    )
    (fp_line (start -1.6 0.8) (end -1.6 -0.8) (layer F.Fab) (width 0.1))
    (fp_line (start -1.6 -0.8) (end 1.6 -0.8) (layer F.Fab) (width 0.1))
    (fp_line (start 1.6 -0.8) (end 1.6 0.8) (layer F.Fab) (width 0.1))
    (fp_line (start 1.6 0.8) (end -1.6 0.8) (layer F.Fab) (width 0.1))
    (fp_line (start -0.5 -0.91) (end 0.5 -0.91) (layer F.SilkS) (width 0.12))
    (fp_line (start -0.5 0.91) (end 0.5 0.91) (layer F.SilkS) (width 0.12))
    (fp_line (start -2.29 1.15) (end -2.29 -1.15) (layer F.CrtYd) (width 0.05))
    (fp_line (start -2.29 -1.15) (end 2.29 -1.15) (layer F.CrtYd) (width 0.05))
    (fp_line (start 2.29 -1.15) (end 2.29 1.15) (layer F.CrtYd) (width 0.05))
    (fp_line (start 2.29 1.15) (end -2.29 1.15) (layer F.CrtYd) (width 0.05))
    (fp_text user %R (at 0 0 90) (layer F.Fab)
      (effects (font (size 0.8 0.8) (thickness 0.12)))
    )
    (pad 1 smd rect (at -1.43 0 90) (size 1.22 1.8) (layers F.Cu F.Paste F.Mask)
      (net 2 GND))
    (pad 2 smd rect (at 1.43 0 90) (size 1.22 1.8) (layers F.Cu F.Paste F.Mask)
      (net 6 "Net-(C11-Pad2)"))
    (model ${KISYS3DMOD}/Capacitor_SMD.3dshapes/C_1206_3216Metric.wrl
      (at (xyz 0 0 0))
      (scale (xyz 1 1 1))
      (rotate (xyz 0 0 0))
    )
  )

  (module Capacitor_SMD:C_1206_3216Metric (layer F.Cu) (tedit 5AC5DB74) (tstamp 5AF62F43)
    (at 76.035 92.695 90)
    (descr "Capacitor SMD 1206 (3216 Metric), square (rectangular) end terminal, IPC_7351 nominal, (Body size source: http://www.tortai-tech.com/upload/download/2011102023233369053.pdf), generated with kicad-footprint-generator")
    (tags capacitor)
    (path /5AE5B40A)
    (attr smd)
    (fp_text reference C12 (at 3.81 0 90) (layer F.SilkS)
      (effects (font (size 1 1) (thickness 0.15)))
    )
    (fp_text value 22u (at 0 1.85 90) (layer F.Fab)
      (effects (font (size 1 1) (thickness 0.15)))
    )
    (fp_text user %R (at 0 0 90) (layer F.Fab)
      (effects (font (size 0.8 0.8) (thickness 0.12)))
    )
    (fp_line (start 2.29 1.15) (end -2.29 1.15) (layer F.CrtYd) (width 0.05))
    (fp_line (start 2.29 -1.15) (end 2.29 1.15) (layer F.CrtYd) (width 0.05))
    (fp_line (start -2.29 -1.15) (end 2.29 -1.15) (layer F.CrtYd) (width 0.05))
    (fp_line (start -2.29 1.15) (end -2.29 -1.15) (layer F.CrtYd) (width 0.05))
    (fp_line (start -0.5 0.91) (end 0.5 0.91) (layer F.SilkS) (width 0.12))
    (fp_line (start -0.5 -0.91) (end 0.5 -0.91) (layer F.SilkS) (width 0.12))
    (fp_line (start 1.6 0.8) (end -1.6 0.8) (layer F.Fab) (width 0.1))
    (fp_line (start 1.6 -0.8) (end 1.6 0.8) (layer F.Fab) (width 0.1))
    (fp_line (start -1.6 -0.8) (end 1.6 -0.8) (layer F.Fab) (width 0.1))
    (fp_line (start -1.6 0.8) (end -1.6 -0.8) (layer F.Fab) (width 0.1))
    (pad 2 smd rect (at 1.43 0 90) (size 1.22 1.8) (layers F.Cu F.Paste F.Mask)
      (net 7 "Net-(C12-Pad2)"))
    (pad 1 smd rect (at -1.43 0 90) (size 1.22 1.8) (layers F.Cu F.Paste F.Mask)
      (net 2 GND))
    (model ${KISYS3DMOD}/Capacitor_SMD.3dshapes/C_1206_3216Metric.wrl
      (at (xyz 0 0 0))
      (scale (xyz 1 1 1))
      (rotate (xyz 0 0 0))
    )
  )

  (module Capacitor_SMD:C_1206_3216Metric (layer F.Cu) (tedit 5AC5DB74) (tstamp 5B039DF9)
    (at 105.245 56.5 90)
    (descr "Capacitor SMD 1206 (3216 Metric), square (rectangular) end terminal, IPC_7351 nominal, (Body size source: http://www.tortai-tech.com/upload/download/2011102023233369053.pdf), generated with kicad-footprint-generator")
    (tags capacitor)
    (path /5AE1AFA5)
    (attr smd)
    (fp_text reference C13 (at 3.175 0.635 180) (layer F.SilkS)
      (effects (font (size 1 1) (thickness 0.15)))
    )
    (fp_text value 22u (at 0 1.85 90) (layer F.Fab)
      (effects (font (size 1 1) (thickness 0.15)))
    )
    (fp_line (start -1.6 0.8) (end -1.6 -0.8) (layer F.Fab) (width 0.1))
    (fp_line (start -1.6 -0.8) (end 1.6 -0.8) (layer F.Fab) (width 0.1))
    (fp_line (start 1.6 -0.8) (end 1.6 0.8) (layer F.Fab) (width 0.1))
    (fp_line (start 1.6 0.8) (end -1.6 0.8) (layer F.Fab) (width 0.1))
    (fp_line (start -0.5 -0.91) (end 0.5 -0.91) (layer F.SilkS) (width 0.12))
    (fp_line (start -0.5 0.91) (end 0.5 0.91) (layer F.SilkS) (width 0.12))
    (fp_line (start -2.29 1.15) (end -2.29 -1.15) (layer F.CrtYd) (width 0.05))
    (fp_line (start -2.29 -1.15) (end 2.29 -1.15) (layer F.CrtYd) (width 0.05))
    (fp_line (start 2.29 -1.15) (end 2.29 1.15) (layer F.CrtYd) (width 0.05))
    (fp_line (start 2.29 1.15) (end -2.29 1.15) (layer F.CrtYd) (width 0.05))
    (fp_text user %R (at 0 0 90) (layer F.Fab)
      (effects (font (size 0.8 0.8) (thickness 0.12)))
    )
    (pad 1 smd rect (at -1.43 0 90) (size 1.22 1.8) (layers F.Cu F.Paste F.Mask)
      (net 2 GND))
    (pad 2 smd rect (at 1.43 0 90) (size 1.22 1.8) (layers F.Cu F.Paste F.Mask)
      (net 5 +5V))
    (model ${KISYS3DMOD}/Capacitor_SMD.3dshapes/C_1206_3216Metric.wrl
      (at (xyz 0 0 0))
      (scale (xyz 1 1 1))
      (rotate (xyz 0 0 0))
    )
  )

  (module Capacitor_SMD:C_1206_3216Metric (layer F.Cu) (tedit 5AC5DB74) (tstamp 5AF62F65)
    (at 67.145 92.695 90)
    (descr "Capacitor SMD 1206 (3216 Metric), square (rectangular) end terminal, IPC_7351 nominal, (Body size source: http://www.tortai-tech.com/upload/download/2011102023233369053.pdf), generated with kicad-footprint-generator")
    (tags capacitor)
    (path /5AE5F18B)
    (attr smd)
    (fp_text reference C14 (at 3.81 0 90) (layer F.SilkS)
      (effects (font (size 1 1) (thickness 0.15)))
    )
    (fp_text value 100n (at 0 1.85 90) (layer F.Fab)
      (effects (font (size 1 1) (thickness 0.15)))
    )
    (fp_line (start -1.6 0.8) (end -1.6 -0.8) (layer F.Fab) (width 0.1))
    (fp_line (start -1.6 -0.8) (end 1.6 -0.8) (layer F.Fab) (width 0.1))
    (fp_line (start 1.6 -0.8) (end 1.6 0.8) (layer F.Fab) (width 0.1))
    (fp_line (start 1.6 0.8) (end -1.6 0.8) (layer F.Fab) (width 0.1))
    (fp_line (start -0.5 -0.91) (end 0.5 -0.91) (layer F.SilkS) (width 0.12))
    (fp_line (start -0.5 0.91) (end 0.5 0.91) (layer F.SilkS) (width 0.12))
    (fp_line (start -2.29 1.15) (end -2.29 -1.15) (layer F.CrtYd) (width 0.05))
    (fp_line (start -2.29 -1.15) (end 2.29 -1.15) (layer F.CrtYd) (width 0.05))
    (fp_line (start 2.29 -1.15) (end 2.29 1.15) (layer F.CrtYd) (width 0.05))
    (fp_line (start 2.29 1.15) (end -2.29 1.15) (layer F.CrtYd) (width 0.05))
    (fp_text user %R (at 0 0 90) (layer F.Fab)
      (effects (font (size 0.8 0.8) (thickness 0.12)))
    )
    (pad 1 smd rect (at -1.43 0 90) (size 1.22 1.8) (layers F.Cu F.Paste F.Mask)
      (net 2 GND))
    (pad 2 smd rect (at 1.43 0 90) (size 1.22 1.8) (layers F.Cu F.Paste F.Mask)
      (net 6 "Net-(C11-Pad2)"))
    (model ${KISYS3DMOD}/Capacitor_SMD.3dshapes/C_1206_3216Metric.wrl
      (at (xyz 0 0 0))
      (scale (xyz 1 1 1))
      (rotate (xyz 0 0 0))
    )
  )

  (module Capacitor_SMD:C_1206_3216Metric (layer F.Cu) (tedit 5AC5DB74) (tstamp 5AF62F76)
    (at 78.575 92.695 90)
    (descr "Capacitor SMD 1206 (3216 Metric), square (rectangular) end terminal, IPC_7351 nominal, (Body size source: http://www.tortai-tech.com/upload/download/2011102023233369053.pdf), generated with kicad-footprint-generator")
    (tags capacitor)
    (path /5AE5B403)
    (attr smd)
    (fp_text reference C15 (at 3.81 0 90) (layer F.SilkS)
      (effects (font (size 1 1) (thickness 0.15)))
    )
    (fp_text value 100n (at 0 1.85 90) (layer F.Fab)
      (effects (font (size 1 1) (thickness 0.15)))
    )
    (fp_text user %R (at 0 0 90) (layer F.Fab)
      (effects (font (size 0.8 0.8) (thickness 0.12)))
    )
    (fp_line (start 2.29 1.15) (end -2.29 1.15) (layer F.CrtYd) (width 0.05))
    (fp_line (start 2.29 -1.15) (end 2.29 1.15) (layer F.CrtYd) (width 0.05))
    (fp_line (start -2.29 -1.15) (end 2.29 -1.15) (layer F.CrtYd) (width 0.05))
    (fp_line (start -2.29 1.15) (end -2.29 -1.15) (layer F.CrtYd) (width 0.05))
    (fp_line (start -0.5 0.91) (end 0.5 0.91) (layer F.SilkS) (width 0.12))
    (fp_line (start -0.5 -0.91) (end 0.5 -0.91) (layer F.SilkS) (width 0.12))
    (fp_line (start 1.6 0.8) (end -1.6 0.8) (layer F.Fab) (width 0.1))
    (fp_line (start 1.6 -0.8) (end 1.6 0.8) (layer F.Fab) (width 0.1))
    (fp_line (start -1.6 -0.8) (end 1.6 -0.8) (layer F.Fab) (width 0.1))
    (fp_line (start -1.6 0.8) (end -1.6 -0.8) (layer F.Fab) (width 0.1))
    (pad 2 smd rect (at 1.43 0 90) (size 1.22 1.8) (layers F.Cu F.Paste F.Mask)
      (net 7 "Net-(C12-Pad2)"))
    (pad 1 smd rect (at -1.43 0 90) (size 1.22 1.8) (layers F.Cu F.Paste F.Mask)
      (net 2 GND))
    (model ${KISYS3DMOD}/Capacitor_SMD.3dshapes/C_1206_3216Metric.wrl
      (at (xyz 0 0 0))
      (scale (xyz 1 1 1))
      (rotate (xyz 0 0 0))
    )
  )

  (module Capacitor_THT:CP_Radial_D6.3mm_P2.50mm (layer F.Cu) (tedit 5A533290) (tstamp 5AF6300A)
    (at 110.96 53.325 270)
    (descr "CP, Radial series, Radial, pin pitch=2.50mm, , diameter=6.3mm, Electrolytic Capacitor")
    (tags "CP Radial series Radial pin pitch 2.50mm  diameter 6.3mm Electrolytic Capacitor")
    (path /5AE1CE9B)
    (fp_text reference C16 (at -1.905 -3.81) (layer F.SilkS)
      (effects (font (size 1 1) (thickness 0.15)))
    )
    (fp_text value 100u (at 1.25 4.52 270) (layer F.Fab)
      (effects (font (size 1 1) (thickness 0.15)))
    )
    (fp_circle (center 1.25 0) (end 4.4 0) (layer F.Fab) (width 0.1))
    (fp_circle (center 1.25 0) (end 4.52 0) (layer F.SilkS) (width 0.12))
    (fp_circle (center 1.25 0) (end 4.65 0) (layer F.CrtYd) (width 0.05))
    (fp_line (start -1.443972 -1.3735) (end -0.813972 -1.3735) (layer F.Fab) (width 0.1))
    (fp_line (start -1.128972 -1.6885) (end -1.128972 -1.0585) (layer F.Fab) (width 0.1))
    (fp_line (start 1.25 -3.23) (end 1.25 3.23) (layer F.SilkS) (width 0.12))
    (fp_line (start 1.29 -3.23) (end 1.29 3.23) (layer F.SilkS) (width 0.12))
    (fp_line (start 1.33 -3.23) (end 1.33 3.23) (layer F.SilkS) (width 0.12))
    (fp_line (start 1.37 -3.228) (end 1.37 3.228) (layer F.SilkS) (width 0.12))
    (fp_line (start 1.41 -3.227) (end 1.41 3.227) (layer F.SilkS) (width 0.12))
    (fp_line (start 1.45 -3.224) (end 1.45 3.224) (layer F.SilkS) (width 0.12))
    (fp_line (start 1.49 -3.222) (end 1.49 -1.04) (layer F.SilkS) (width 0.12))
    (fp_line (start 1.49 1.04) (end 1.49 3.222) (layer F.SilkS) (width 0.12))
    (fp_line (start 1.53 -3.218) (end 1.53 -1.04) (layer F.SilkS) (width 0.12))
    (fp_line (start 1.53 1.04) (end 1.53 3.218) (layer F.SilkS) (width 0.12))
    (fp_line (start 1.57 -3.215) (end 1.57 -1.04) (layer F.SilkS) (width 0.12))
    (fp_line (start 1.57 1.04) (end 1.57 3.215) (layer F.SilkS) (width 0.12))
    (fp_line (start 1.61 -3.211) (end 1.61 -1.04) (layer F.SilkS) (width 0.12))
    (fp_line (start 1.61 1.04) (end 1.61 3.211) (layer F.SilkS) (width 0.12))
    (fp_line (start 1.65 -3.206) (end 1.65 -1.04) (layer F.SilkS) (width 0.12))
    (fp_line (start 1.65 1.04) (end 1.65 3.206) (layer F.SilkS) (width 0.12))
    (fp_line (start 1.69 -3.201) (end 1.69 -1.04) (layer F.SilkS) (width 0.12))
    (fp_line (start 1.69 1.04) (end 1.69 3.201) (layer F.SilkS) (width 0.12))
    (fp_line (start 1.73 -3.195) (end 1.73 -1.04) (layer F.SilkS) (width 0.12))
    (fp_line (start 1.73 1.04) (end 1.73 3.195) (layer F.SilkS) (width 0.12))
    (fp_line (start 1.77 -3.189) (end 1.77 -1.04) (layer F.SilkS) (width 0.12))
    (fp_line (start 1.77 1.04) (end 1.77 3.189) (layer F.SilkS) (width 0.12))
    (fp_line (start 1.81 -3.182) (end 1.81 -1.04) (layer F.SilkS) (width 0.12))
    (fp_line (start 1.81 1.04) (end 1.81 3.182) (layer F.SilkS) (width 0.12))
    (fp_line (start 1.85 -3.175) (end 1.85 -1.04) (layer F.SilkS) (width 0.12))
    (fp_line (start 1.85 1.04) (end 1.85 3.175) (layer F.SilkS) (width 0.12))
    (fp_line (start 1.89 -3.167) (end 1.89 -1.04) (layer F.SilkS) (width 0.12))
    (fp_line (start 1.89 1.04) (end 1.89 3.167) (layer F.SilkS) (width 0.12))
    (fp_line (start 1.93 -3.159) (end 1.93 -1.04) (layer F.SilkS) (width 0.12))
    (fp_line (start 1.93 1.04) (end 1.93 3.159) (layer F.SilkS) (width 0.12))
    (fp_line (start 1.971 -3.15) (end 1.971 -1.04) (layer F.SilkS) (width 0.12))
    (fp_line (start 1.971 1.04) (end 1.971 3.15) (layer F.SilkS) (width 0.12))
    (fp_line (start 2.011 -3.141) (end 2.011 -1.04) (layer F.SilkS) (width 0.12))
    (fp_line (start 2.011 1.04) (end 2.011 3.141) (layer F.SilkS) (width 0.12))
    (fp_line (start 2.051 -3.131) (end 2.051 -1.04) (layer F.SilkS) (width 0.12))
    (fp_line (start 2.051 1.04) (end 2.051 3.131) (layer F.SilkS) (width 0.12))
    (fp_line (start 2.091 -3.121) (end 2.091 -1.04) (layer F.SilkS) (width 0.12))
    (fp_line (start 2.091 1.04) (end 2.091 3.121) (layer F.SilkS) (width 0.12))
    (fp_line (start 2.131 -3.11) (end 2.131 -1.04) (layer F.SilkS) (width 0.12))
    (fp_line (start 2.131 1.04) (end 2.131 3.11) (layer F.SilkS) (width 0.12))
    (fp_line (start 2.171 -3.098) (end 2.171 -1.04) (layer F.SilkS) (width 0.12))
    (fp_line (start 2.171 1.04) (end 2.171 3.098) (layer F.SilkS) (width 0.12))
    (fp_line (start 2.211 -3.086) (end 2.211 -1.04) (layer F.SilkS) (width 0.12))
    (fp_line (start 2.211 1.04) (end 2.211 3.086) (layer F.SilkS) (width 0.12))
    (fp_line (start 2.251 -3.074) (end 2.251 -1.04) (layer F.SilkS) (width 0.12))
    (fp_line (start 2.251 1.04) (end 2.251 3.074) (layer F.SilkS) (width 0.12))
    (fp_line (start 2.291 -3.061) (end 2.291 -1.04) (layer F.SilkS) (width 0.12))
    (fp_line (start 2.291 1.04) (end 2.291 3.061) (layer F.SilkS) (width 0.12))
    (fp_line (start 2.331 -3.047) (end 2.331 -1.04) (layer F.SilkS) (width 0.12))
    (fp_line (start 2.331 1.04) (end 2.331 3.047) (layer F.SilkS) (width 0.12))
    (fp_line (start 2.371 -3.033) (end 2.371 -1.04) (layer F.SilkS) (width 0.12))
    (fp_line (start 2.371 1.04) (end 2.371 3.033) (layer F.SilkS) (width 0.12))
    (fp_line (start 2.411 -3.018) (end 2.411 -1.04) (layer F.SilkS) (width 0.12))
    (fp_line (start 2.411 1.04) (end 2.411 3.018) (layer F.SilkS) (width 0.12))
    (fp_line (start 2.451 -3.002) (end 2.451 -1.04) (layer F.SilkS) (width 0.12))
    (fp_line (start 2.451 1.04) (end 2.451 3.002) (layer F.SilkS) (width 0.12))
    (fp_line (start 2.491 -2.986) (end 2.491 -1.04) (layer F.SilkS) (width 0.12))
    (fp_line (start 2.491 1.04) (end 2.491 2.986) (layer F.SilkS) (width 0.12))
    (fp_line (start 2.531 -2.97) (end 2.531 -1.04) (layer F.SilkS) (width 0.12))
    (fp_line (start 2.531 1.04) (end 2.531 2.97) (layer F.SilkS) (width 0.12))
    (fp_line (start 2.571 -2.952) (end 2.571 -1.04) (layer F.SilkS) (width 0.12))
    (fp_line (start 2.571 1.04) (end 2.571 2.952) (layer F.SilkS) (width 0.12))
    (fp_line (start 2.611 -2.934) (end 2.611 -1.04) (layer F.SilkS) (width 0.12))
    (fp_line (start 2.611 1.04) (end 2.611 2.934) (layer F.SilkS) (width 0.12))
    (fp_line (start 2.651 -2.916) (end 2.651 -1.04) (layer F.SilkS) (width 0.12))
    (fp_line (start 2.651 1.04) (end 2.651 2.916) (layer F.SilkS) (width 0.12))
    (fp_line (start 2.691 -2.896) (end 2.691 -1.04) (layer F.SilkS) (width 0.12))
    (fp_line (start 2.691 1.04) (end 2.691 2.896) (layer F.SilkS) (width 0.12))
    (fp_line (start 2.731 -2.876) (end 2.731 -1.04) (layer F.SilkS) (width 0.12))
    (fp_line (start 2.731 1.04) (end 2.731 2.876) (layer F.SilkS) (width 0.12))
    (fp_line (start 2.771 -2.856) (end 2.771 -1.04) (layer F.SilkS) (width 0.12))
    (fp_line (start 2.771 1.04) (end 2.771 2.856) (layer F.SilkS) (width 0.12))
    (fp_line (start 2.811 -2.834) (end 2.811 -1.04) (layer F.SilkS) (width 0.12))
    (fp_line (start 2.811 1.04) (end 2.811 2.834) (layer F.SilkS) (width 0.12))
